4294967279,65
4294967279,64
4294967279,63
4294967279,62
4294967279,61
4294967279,60
4294967279,59
4294967279,58
4294967279,57
4294967279,56
4294967279,55
4294967279,54
4294967279,53
4294967279,52
4294967279,51
4294967279,50
4294967279,49
4294967279,48
4294967279,47
4294967279,46
4294967279,45
4294967279,44
4294967279,43
4294967279,42
4294967279,120
4294967279,119
4294967279,116
4294967279,115
4294967279,111
4294967279,110
4294967279,109
4294967279,107
4294967279,106
4294967279,105
4294967279,104
4294967279,103
4294967279,102
4294967279,101
4294967279,100
4294967279,99
4294967279,98
4294967279,97
4294967279,96
4294967279,95
4294967279,94
4294967279,93
4294967279,92
4294967279,91
4294967279,90
4294967279,89
4294967279,87
4294967279,86
4294967279,85
4294967279,84
4294967279,83
4294967279,82
4294967279,81
4294967279,80
4294967279,79
4294967279,78
4294967279,77
4294967279,76
4294967279,75
4294967279,74
4294967279,73
4294967279,72
4294967279,71
4294967279,70
4294967279,69
4294967279,68
4294967279,67
4294967279,66
4294967294,946
4294967294,937
4294967294,926
4294967294,898
4294967294,896
4294967294,438
4294967294,831
4294967294,969
4294967294,911
4294967294,401
4294967294,170
4294967294,173
4294967278,523
4294967278,257
4294967278,522
4294967278,521
4294967278,520
4294967279,255
21,0
21,6
4294967279,254
4294967278,519
4294967278,518
4294967279,331
4294967278,256
4294967278,517
4294967278,516
4294967279,330
18,0
18,6
4294967279,329
4294967278,255
4294967278,515
4294967279,328
4294967278,514
4294967278,254
4294967278,513
4294967279,327
20,0
20,6
4294967279,326
4294967278,251
4294967278,250
4294967279,325
4294967279,121
4294967278,249
4294967278,246
4294967278,247
4294967279,248
17,0
17,6
4294967279,118
4294967279,245
4294967278,242
4294967278,243
4294967279,117
4294967279,243
4294967278,241
4294967278,238
4294967278,239
4294967279,240
19,0
4294967278,512
4294967279,112
4294967279,114
4294967279,237
4294967279,239
4294967278,319
4294967279,324
4294967279,113
4294967279,234
4294967279,235
4294967278,234
19,7
4294967279,108
4294967279,232
4294967278,230
4294967279,230
21,5
4294967278,228
21,4
4294967279,228
21,3
21,2
21,1
4294967279,227
4294967278,226
4294967279,226
4294967294,388
4294967278,224
4294967279,224
4294967278,222
20,5
4294967279,222
20,4
4294967278,220
20,3
20,2
20,1
4294967278,219
4294967279,220
4294967294,1420
4294967278,218
4294967278,216
19,6
4294967278,214
19,5
4294967279,323
19,4
4294967278,213
19,3
19,2
19,1
4294967278,318
4294967278,212
4294967278,211
18,5
4294967278,210
18,4
18,3
18,2
18,1
4294967279,322
4294967278,209
4294967278,208
4294967278,207
17,5
17,4
4294967278,206
17,3
17,2
17,1
4294967278,317
4294967278,205
4294967278,204
16,4
4294967278,203
16,3
16,2
16,1
4294967278,316
4294967294,430
4294967278,202
4294967278,201
15,4
4294967278,200
15,3
15,2
15,1
4294967294,468
4294967278,199
4294967278,198
14,4
4294967278,197
14,3
14,2
14,1
4294967278,196
4294967279,321
4294967278,10
4294967278,9
4294967278,8
4294967278,7
4294967278,6
4294967278,5
4294967278,4
4294967279,132
4294967279,131
4294967279,130
4294967279,129
4294967279,128
4294967279,127
4294967279,126
4294967279,125
4294967279,124
4294967279,123
4294967279,122
4294967278,195
4294967279,320
4294967278,315
4294967279,319
4294967294,89
4294967278,314
4294967279,318
4294967278,313
4294967279,317
4294967278,312
4294967278,311
4294967279,316
4294967294,387
4294967278,310
4294967279,315
4294967278,309
4294967279,314
4294967278,308
4294967279,313
4294967294,107
4294967278,307
4294967278,186
4294967278,306
4294967279,312
4294967294,61
4294967294,31
4294967278,35
4294967278,34
4294967278,33
4294967278,32
4294967278,31
4294967278,30
4294967278,29
4294967278,28
4294967278,27
4294967278,26
4294967278,25
4294967278,24
4294967278,23
4294967278,22
4294967278,21
4294967278,20
4294967278,19
4294967278,18
4294967278,17
4294967278,16
4294967278,15
4294967278,14
4294967278,13
4294967278,12
4294967278,11
4294967279,24
4294967279,23
4294967279,21
4294967279,19
4294967279,17
